X_train is
 [[0.65620256 0.57017247 0.67420686 ... 0.9975945  0.49931007 0.6220339 ]
 [0.07257946 0.14034494 0.08023901 ... 0.17491409 0.33845851 0.25338983]
 [0.14491405 0.52451809 0.14290795 ... 0.21099656 0.363493   0.22457627]
 ...
 [0.32317939 0.2404464  0.30146536 ... 0.11443299 0.17602996 0.05254237]
 [0.30799745 0.33513696 0.30729834 ... 0.62783505 0.31815494 0.4279661 ]
 [0.21984426 0.36557322 0.20842225 ... 0.25532646 0.22255076 0.11694915]]


X_test is
 [[0.55090847 0.39228948 0.53834116 ... 0.61477663 0.19436231 0.09237288]
 [0.38047897 0.33040243 0.38255797 ... 0.52027491 0.25073921 0.21355932]
 [0.23061854 0.26952993 0.23865415 ... 0.2532646  0.19534792 0.32711864]
 ...
 [0.18752143 0.17653027 0.1845924  ... 0.33024055 0.2166371  0.19576271]
 [0.31975121 0.61345959 0.31747048 ... 0.28247423 0.06406466 0.19491525]
 [0.63857192 0.72404464 0.62441315 ... 0.57010309 0.25684999 0.23050847]]