fm.train_data is  [[0.0655 0.2577 0.0773 ... 0.6014 0.5249 0.5297]
 [0.6562 0.5702 0.6742 ... 0.9976 0.4993 0.622 ]
 [0.0726 0.1403 0.0802 ... 0.1749 0.3385 0.2534]
 ...
 [0.3232 0.2404 0.3015 ... 0.1144 0.176  0.0525]
 [0.308  0.3351 0.3073 ... 0.6278 0.3182 0.428 ]
 [0.2198 0.3656 0.2084 ... 0.2553 0.2226 0.1169]]


fm.validate_data is
[[0.234  0.3006 0.236  ... 0.3488 0.2856 0.2754]
 [0.5509 0.3923 0.5383 ... 0.6148 0.1944 0.0924]
 [0.3805 0.3304 0.3826 ... 0.5203 0.2507 0.2136]
 ...
 [0.1875 0.1765 0.1846 ... 0.3302 0.2166 0.1958]
 [0.3198 0.6135 0.3175 ... 0.2825 0.0641 0.1949]
 [0.6386 0.724  0.6244 ... 0.5701 0.2568 0.2305]]
